19251231 14  3.67606  3.67606  3.67606  3.67606  3.67606  3.67606  3.67606  3.60778  3.90063
  4.00016  4.00016  3.96003  3.64716  3.64716  0.00000  0.00000  0.00000     0     0     0     0
     0    49    40    92   184   365   730  1460  2920  2920 10000  7958  0.1514      0.2311      0.1208    
  0.6149E-01  0.7494E-01  0.2859E-01  0.2291E-01  -2.744      0.2386     -0.7667E-02 -0.1342E-02 -0.3953E-02  0  0  0  0  0  0
  1  2  2  4  1  3  0  2  0 0.69006E-01 0.22291     0.22291     0.78501E-01 0.17594     0.17594     0.19588    
 0.53686     0.53686     0.41979E-01 0.13826     0.13826       3.90155   3.90155     3     0     2     1    0.0000
  1  1  1  1  1  1  1  2  3  4  4  5  6  6  7
19260130 14  3.40189  3.40189  3.40189  3.40189  3.40189  3.40189  3.40189  3.40189  4.19691
  3.85416  3.85416  3.95478  3.54555  3.54555  0.00000  0.00000  0.00000     0     0     0     0
     0    50    40    92   184   365   730  1460  2920  2920 10000  7928  0.8419E-01  0.1466      0.8078E-01
  0.9968E-01  0.3500E-01  0.7088E-02 -0.6523      0.6127E-01 -0.6120E-01  0.1347E-01   0.000       0.000      0  0  0  0  0  0
  0  2  2  4  1  3  0  2  0 0.81348E-01 0.25295     0.25295     0.93881E-01 0.22454     0.22454     0.23579    
 0.63681     0.63681     0.50718E-01 0.19260     0.19260       3.82965   3.82965     3     0     2     1    0.0000
  1  1  1  1  1  1  1  1  2  3  3  4  5  5  6
19260227 14  3.34487  3.34487  3.34487  3.34487  3.34487  3.34487  3.34487  3.34487  4.18829
  3.85340  3.85340  4.01182  3.49705  3.49705  0.00000  0.00000  0.00000     0     0     0     0
     0    53    40    92   181   365   730  1460  2920  2920 10000  7900  0.8489E-01  0.1561      0.8694E-01
  0.1125      0.3846E-01  0.7207E-02 -0.6754      0.6853E-01 -0.6838E-01  0.1402E-01   0.000       0.000      0  0  0  0  0  0
  0  2  2  4  1  3  0  2  0 0.82312E-01 0.27072     0.27072     0.83398E-01 0.23470     0.23470     0.17397    
 0.64714     0.64714     0.78965E-01 0.24416     0.24416       3.81453   3.81453     3     0     2     1    0.0000
  1  1  1  1  1  1  1  1  2  3  3  4  5  5  6
19260331 14  3.27260  3.27260  3.27260  3.27260  3.27260  3.27260  3.27260  3.27260  4.10759
  3.81241  3.81241  4.10162  3.50904  3.50904  0.00000  0.00000  0.00000     0     0     0     0
     0    51    40    92   182   365   730  1460  2920  2920 10000  7868  0.7559E-01  0.1680      0.9713E-01
  0.1237      0.3433E-01  0.5714E-02 -0.7231      0.1146     -0.1215      0.2209E-01   0.000       0.000      0  0  0  0  0  0
  2  1  2  3  1  3  0  3  0 0.74481E-01 0.27198     0.27198     0.67021E-01 0.22864     0.22864     0.11232    
 0.55430     0.55430     0.61833E-01 0.27144     0.27144       3.78935   3.78935     3     0     2     1    0.0000
  1  1  1  1  1  1  1  1  2  3  3  4  5  5  6
19260430 14  3.07042  3.07042  3.07042  3.07042  3.07042  3.07042  3.07042  3.07042  4.20395
  3.61886  3.61886  4.09110  3.51044  3.51044  0.00000  0.00000  0.00000     0     0     0     0
     0    52    40    92   181   365   730  1460  2920  2920 10000  7838  0.1670      0.3258      0.2068    
  0.2728      0.7196E-01  0.2790E-01 -0.8106      0.1094     -0.1224      0.2552E-01   0.000       0.000      0  0  0  0  0  2
  0  1  2  3  1  3  0  3  0 0.14639     0.28039     0.28039     0.15136     0.25773     0.25773     0.27430    
 0.45470     0.45470     0.18008     0.41972     0.41972       3.70466   3.70466     3     0     2     1    0.0000
  1  1  1  1  1  1  1  1  2  3  3  4  5  5  6
19260528 14  3.23273  3.23273  3.23273  3.23273  3.23273  3.23273  3.23273  3.23273  3.86309
  3.80943  3.80943  3.84184  3.53962  3.53962  0.00000  0.00000  0.00000     0     0     0     0
     0    54    40    92   182   365   730  1460  2920  2920 10000  7810  0.1001      0.2376      0.1443    
  0.1953      0.4847E-01  0.1002E-01  -1.111      0.2323     -0.2758      0.5928E-01   0.000       0.000      0  0  0  0  0  0
  0  1  2  2  1  3  0  3  0 0.83629E-01 0.25437     0.25437     0.11362     0.23128     0.23128     0.28452    
 0.48100     0.48100     0.52905E-01 0.21661     0.21661       3.71095   3.71095     3     0     2     1    0.0000
  1  1  1  1  1  1  1  1  2  3  3  4  5  5  6
19260630 14  2.84079  2.84079  2.84079  2.84079  2.84079  2.84079  2.84079  3.82765  3.82765
  3.63588  3.88444  3.88444  3.49161  3.49161  0.00000  0.00000  0.00000     0     0     0     0
     0    52    40    92   181   365   730  1460  2920  2920 10000  7777  0.2425      0.2073      0.2644    
  0.9877E-01  0.6774E-01  0.5883E-01  -1.105      0.6034     -0.8902E-01  0.2224E-01   0.000       0.000      0  0  0  0  0  0
  1  1  1  3  1  1  0  3  0 0.12316     0.21351     0.21351     0.12268     0.21301     0.21301     0.28001    
 0.35462     0.35462     0.10628     0.27493     0.27493       3.65004   3.65004     3     0     2     1    0.0000
  1  1  1  1  1  1  1  2  2  3  4  4  5  5  6
19260731 14  3.10957  3.10957  3.10957  3.10957  3.10957  3.10957  3.56697  3.56697  3.56697
  3.69721  3.96122  3.96122  3.50360  3.50360  0.00000  0.00000  0.00000     0     0     0     0
     0    52    40    92   181   365   730  1460  2920  2920 10000  7746  0.2483      0.1181      0.1932    
  0.7717E-01  0.5493E-01  0.6164E-01 -0.9538      0.5695     -0.7318E-01  0.1826E-01   0.000       0.000      0  0  0  0  0  1
  0  1  1  2  1  1  0  3  0 0.95484E-01 0.19552     0.19552     0.10052     0.20577     0.20577     0.26079    
 0.38338     0.38338     0.89094E-01 0.23734     0.23734       3.67820   3.67820     3     0     2     1    0.0000
  1  1  1  1  1  1  2  2  2  3  4  4  5  5  6
19260831 14  3.48246  3.48246  3.48246  3.48246  3.48246  3.48246  3.48246  3.48246  3.48246
  3.76511  4.02953  4.02953  3.45810  3.45810  0.00000  0.00000  0.00000     0     0     0     0
     0    49    40    92   184   365   730  1460  2920  2920 10000  7715  0.7882E-01  0.2371      0.1062    
  0.7787E-01  0.6212E-02 -0.4215      0.7142E-01 -0.2082E-01   0.000       0.000       0.000       0.000      0  0  0  0  0  0
  0  1  1  3  1  1  0  3  0 0.13165     0.24641     0.24641     0.14860     0.20824     0.20824     0.34933    
 0.48107     0.48107     0.11336     0.15165     0.15165       3.67940   3.67940     3     0     2     1    0.0000
  1  1  1  1  1  1  1  1  1  2  3  3  4  4  5
19260930 14  3.64040  3.64040  3.64040  3.64040  3.64040  3.64040  3.64040  3.76090  3.76090
  3.84961  3.84961  3.84961  3.53937  3.53937  0.00000  0.00000  0.00000     0     0     0     0
     0    50    40    92   183   365   730  1460  2920  2920 10000  7685  0.2897      0.1442      0.8042E-01
  0.7836E-01  0.8391E-01 -0.6650      0.4553E-01 -0.3697E-01   0.000       0.000       0.000       0.000      0  0  0  0  0  0
  1  1  1  4  0  1  0  3  0 0.15521     0.19330     0.19330     0.12363     0.17240     0.17240     0.32157    
 0.42502     0.42502     0.84689E-01 0.10021     0.10021       3.71304   3.71304     3     0     2     1    0.0000
  1  1  1  1  1  1  1  2  2  3  3  3  4  4  5
19261030 14  3.55449  3.55449  3.55449  3.55449  3.55449  3.55449  3.69750  3.69750  3.69750
  3.53443  3.88698  3.88698  3.47365  3.47365  0.00000  0.00000  0.00000     0     0     0     0
     0    50    40    92   184   365   730  1460  2920  2920 10000  7655  0.2126      0.5656E-01  0.8379E-01
  0.2209E-01  0.2542E-01  0.4518E-01 -0.6083      0.1042     -0.9465E-02  0.5723E-02   0.000       0.000      0  0  0  0  0  1
  0  1  1  4  0  2  0  3  0 0.83594E-01 0.30383     0.30383     0.10697     0.25572     0.25572     0.27556    
 0.85140     0.85140     0.65338E-01 0.12637     0.12637       3.76181   3.76181     3     0     2     1    0.0000
  1  1  1  1  1  1  2  2  2  3  4  4  5  5  6
19261130 14  3.39913  3.39913  3.39913  3.39913  3.39913  3.39913  3.39913  3.39913  3.39913
  3.82926  3.84115  3.84115  3.36527  3.36527  0.00000  0.00000  0.00000     0     0     0     0
     0    50    40    92   183   365   730  1460  2920  2920 10000  7624  0.9369E-01  0.2026      0.6644E-01
  0.4709E-01  0.8777E-02 -0.4776      0.3345E-01 -0.8200E-02   0.000       0.000       0.000       0.000      0  0  0  0  0  0
  0  1  1  2  0  2  0  3  0 0.11166     0.25692     0.25692     0.14261     0.28539     0.28539     0.32252    
 0.66065     0.66065     0.84766E-01 0.18810     0.18810       3.61205   3.61205     3     0     2     1    0.0000
  1  1  1  1  1  1  1  1  1  2  3  3  4  4  5
19261231 14  3.13532  3.13532  3.13532  3.13532  3.13532  3.13532  3.13532  3.13532  3.12851
  3.74281  3.74281  3.74281  3.40921  3.40921  0.00000  0.00000  0.00000     0     0     0     0
     0    49    40    92   184   365   730  1460  2920  2920 10000  7593  0.6983E-01  0.1335      0.3594E-01
  0.3179E-01  0.4877E-02 -0.8638      0.3790E-01 -0.1997E-01   0.000       0.000       0.000       0.000      0  0  0  0  0  0
  1  1  2  1  0  1  0  3  0 0.60082E-01 0.22708     0.22708     0.56123E-01 0.22584     0.22584     0.14551    
 0.30665     0.30665     0.44962E-01 0.25499     0.25499       3.52090   3.52090     3     0     2     1    0.0000
  1  1  1  1  1  1  1  1  2  3  3  3  4  4  5
19270131 14  3.35593  3.35593  3.35593  3.35593  3.35593  3.35593  3.35593  3.35593  3.41514
  3.60110  3.60110  3.60110  3.42129  3.42129  0.00000  0.00000  0.00000     0     0     0     0
     0    49    40    92   184   365   730  1460  2920  2920 10000  7562  0.7563E-01  0.1691      0.4058E-01
  0.3562E-01  0.5720E-02  -1.069      0.5077E-01 -0.2010E-01   0.000       0.000       0.000       0.000      0  0  0  0  0  1
  0  1  2  1  0  1  0  3  0 0.63440E-01 0.98897E-01 0.98897E-01 0.61095E-01 0.92968E-01 0.92968E-01 0.15773    
 0.19100     0.19100     0.56146E-01 0.87754E-01 0.87754E-01   3.49637   3.49637     3     0     2     1    0.0000
  1  1  1  1  1  1  1  1  2  3  3  3  4  4  5
19270228 14  3.32376  3.32376  3.32376  3.32376  3.32376  3.32376  3.32376  3.32376  3.08871
  3.62335  3.62335  3.62335  3.35270  3.35270  0.00000  0.00000  0.00000     0     0     0     0
     0    52    40    92   182   365   730  1460  2920  2920 10000  7534  0.6743E-01  0.1676      0.3940E-01
  0.3356E-01  0.4547E-02  -1.013      0.5946E-01 -0.2674E-01   0.000       0.000       0.000       0.000      0  0  0  0  0  0
  0  1  2  1  0  1  0  3  0 0.58758E-01 0.12710     0.12710     0.58210E-01 0.12505     0.12505     0.16070    
 0.22591     0.22591     0.57992E-01 0.11409     0.11409       3.45795   3.45795     3     0     2     1    0.0000
  1  1  1  1  1  1  1  1  2  3  3  3  4  4  5
19270331 14  3.41845  3.41845  3.41845  3.41845  3.41845  3.41845  3.41845  3.26463  3.52376
  3.52376  3.53040  3.53040  3.15806  3.15806  0.00000  0.00000  0.00000     0     0     0     0
     0    51    40    92   183   365   730  1460  2920  2920 10000  7503  0.9035E-01  0.1330      0.5541E-01
  0.3132E-01  0.1968E-01  0.8163E-02  -2.752      0.1583     -0.4342E-01  0.1424E-01   0.000       0.000      0  0  0  0  0  0
  1  2  2  1  0  2  0  3  0 0.41379E-01 0.18607     0.18607     0.42841E-01 0.16951     0.16951     0.12290    
 0.47928     0.47928     0.27972E-01 0.76505E-01 0.76505E-01   3.38247   3.38247     3     0     2     1    0.0000
  1  1  1  1  1  1  1  2  3  3  4  4  5  5  6
19270430 14  3.61264  3.61264  3.61264  3.61264  3.61264  3.61264  3.48309  3.48309  3.67101
  3.67101  3.47614  3.47614  3.17311  3.17311  0.00000  0.00000  0.00000     0     0     0     0
     0    52    40    92   182   365   730  1460  2920  2920 10000  7473  0.1087      0.8331E-01  0.6020E-01
  0.3575E-01  0.2160E-01  0.1181E-01  -1.985      0.3289     -0.1205      0.4157E-01   0.000       0.000      0  0  0  0  0  1
  0  2  2  1  0  2  0  3  0 0.39759E-01 0.20901     0.20901     0.41253E-01 0.20681     0.20681     0.10609    
 0.47059     0.47059     0.27742E-01 0.15708     0.15708       3.39068   3.39068     3     0     2     1    0.0000
  1  1  1  1  1  1  2  2  3  3  4  4  5  5  6
19270531 14  3.22875  3.22875  3.22875  3.22875  3.22875  3.22875  3.22875  3.22875  3.45237
  3.45237  3.66913  3.66913  2.97949  2.97949  0.00000  0.00000  0.00000     0     0     0     0
     0    51    40    92   183   365   730  1460  2920  2920 10000  7442  0.1413E-01  0.1843E-01  0.1576E-01
  0.1077E-01  0.1997E-03 -0.2958      0.1007     -0.4583E-01   0.000       0.000       0.000       0.000      0  0  0  0  0  0
  0  2  2  1  1  1  0  3  0 0.15262E-01 0.19324     0.19324     0.16400E-01 0.19510     0.19510     0.42949E-01
 0.45198     0.45198     0.16409E-01 0.10248     0.10248       3.32254   3.32254     3     0     2     1    0.0000
  1  1  1  1  1  1  1  1  2  2  3  3  4  4  5
19270630 14  3.32094  3.32094  3.32094  3.32094  3.32094  3.32094  3.32094  3.32094  3.56260
  3.56260  3.59940  3.59940  3.12882  3.12882  0.00000  0.00000  0.00000     0     0     0     0
     0    52    40    92   182   365   730  1460  2920  2920 10000  7412  0.9448E-01  0.1659      0.9005E-01
  0.4409E-01  0.8927E-02 -0.4485      0.1601     -0.5990E-01   0.000       0.000       0.000       0.000      0  0  0  0  0  0
  2  1  1  1  0  3  0  3  0 0.96332E-01 0.33211     0.33211     0.89808E-01 0.25313     0.25313     0.18538    
 0.70124     0.70124     0.51237E-01 0.12081     0.12081       3.43006   3.43006     3     0     2     1    0.0000
  1  1  1  1  1  1  1  1  2  2  3  3  4  4  5
19270730 14  3.01387  3.01387  3.01387  3.01387  3.01387  3.01387  3.18991  3.18991  3.18991
  3.74959  3.74959  3.24848  3.24848  3.22438  0.00000  0.00000  0.00000     0     0     0     0
     0    53    40    92   182   365   730  1460  2920  2920 10000  7382  0.1036      0.6205E-01  0.4556E-01
  0.2231E-01  0.1259      0.1073E-01 -0.4398      0.7110E-01 -0.6940E-02  0.1013E-01   0.000       0.000      0  0  0  0  0  2
  0  1  1  1  1  1  1  3  0 0.58017E-01 0.18225     0.18225     0.57850E-01 0.18174     0.18174     0.89970E-01
 0.33140     0.33140     0.81072E-01 0.20212     0.20212       3.35601   3.35601     3     0     2     1    0.0000
  1  1  1  1  1  1  2  2  2  3  3  4  4  5  6
19270831 14  3.01214  3.01214  3.01214  3.01214  3.01214  3.01214  3.01214  3.01214  3.01214
  3.73536  3.73536  3.20171  3.20171  3.28245  0.00000  0.00000  0.00000     0     0     0     0
     0    50    40    92   184   365   730  1460  2920  2920 10000  7350  0.4697E-01  0.4725E-01  0.2616E-01
  0.1349      0.2206E-02 -0.1424      0.1830E-01 -0.1740E-01   0.000       0.000       0.000       0.000      0  0  0  0  0  0
  0  1  1  1  1  1  1  3  0 0.63208E-01 0.20502     0.20502     0.63261E-01 0.20473     0.20473     0.11067    
 0.32714     0.32714     0.96521E-01 0.23868     0.23868       3.31459   3.31459     3     0     2     1    0.0000
  1  1  1  1  1  1  1  1  1  2  2  3  3  4  5
19270930 14  2.66516  2.66516  2.66516  2.66516  2.66516  2.66516  2.66516  3.96470  3.96470
  3.32951  3.32951  3.32951  3.32951  2.99991  0.00000  0.00000  0.00000     0     0     0     0
     0    51    40    92   183   365   730  1460  2920  2920 10000  7320  0.3207      0.2663      0.4508E-01
  0.3596      0.1028     -0.8737      0.4002E-01 -0.1276       0.000       0.000       0.000       0.000      0  0  0  0  0  0
  1  2  1  0  0  3  1  3  0 0.18011     0.23624     0.23624     0.18012     0.23578     0.23578     0.46429    
 0.54871     0.54871     0.10756     0.20081     0.20081       3.33954   3.33954     3     0     2     1    0.0000
  1  1  1  1  1  1  1  2  2  3  3  3  3  4  5
19271031 14  2.71565  2.71565  2.71565  2.71565  2.71565  2.71565  3.21183  3.21183  3.21183
  3.64662  3.64662  3.64662  2.88638  3.08989  0.00000  0.00000  0.00000     0     0     0     0
     0    50    40    92   184   365   730  1460  2920  2920 10000  7289   1.198      0.5980      0.2987    
  0.3296      0.7989       1.434     -0.9523      0.1763     -0.1324      0.2141E-01   0.000       0.000      0  0  0  0  0  1
  0  2  1  0  2  1  2  3  0 0.48175     0.52657     0.52657     0.72112     0.75773     0.75773      2.4143    
  2.4839      2.4839     0.21713     0.31394     0.31394       3.28761   3.28761     3     0     2     1    0.0000
  1  1  1  1  1  1  2  2  2  3  3  3  4  5  6
19271130 14  3.22325  3.22325  3.22325  3.22325  3.22325  3.22325  3.22325  3.22325  3.14092
  3.63084  3.63084  3.03307  3.03307  3.39197  0.00000  0.00000  0.00000     0     0     0     0
     0    51    40    92   183   365   730  1460  2920  2920 10000  7259  0.4567E-01  0.1227      0.3408E-01
  0.1580E-01  0.9403E-01  0.2085E-02  -1.059      0.1121     -0.1187E-01  0.3792E-02   0.000       0.000      0  0  0  0  0  0
  0  2  2  0  2  1  1  3  0 0.41302E-01 0.22616     0.22616     0.40909E-01 0.22577     0.22577     0.12108    
 0.47985     0.47985     0.21274E-01 0.12591     0.12591       3.22958   3.22958     3     0     2     1    0.0000
  1  1  1  1  1  1  1  1  2  3  3  4  4  5  6
19271231 14  3.35667  3.35667  3.35667  3.35667  3.35667  3.35667  3.35667  3.35667  3.23301
  3.57239  3.57239  2.98594  2.98594  3.37753  0.00000  0.00000  0.00000     0     0     0     0
     0    50    40    92   184   365   730  1460  2920  2920 10000  7228  0.5241E-01  0.1168      0.3623E-01
  0.1920E-01  0.1141      0.2747E-02 -0.7020      0.4751E-01 -0.4837E-02 -0.3859E-02   0.000       0.000      0  0  0  0  0  0
  2  1  2  0  2  1  1  3  0 0.51323E-01 0.25973     0.25973     0.52972E-01 0.24875     0.24875     0.13834    
 0.53367     0.53367     0.41744E-01 0.16874     0.16874       3.20588   3.20588     3     0     2     1    0.0000
  1  1  1  1  1  1  1  1  2  3  3  4  4  5  6
19280131 14  3.28192  3.28192  3.28192  3.28192  3.28192  3.28192  3.28192  3.28192  4.52315
  3.20792  3.20792  3.20792  3.20792  2.84856  0.00000  0.00000  0.00000     0     0     0     0
     0    50    40    92   184   365   730  1460  2920  2920 10000  7197  0.3119      0.6573      0.6127E-01
  0.5286      0.9731E-01  -1.295      0.3091E-01 -0.9075E-01   0.000       0.000       0.000       0.000      0  0  0  0  0  0
  0  1  2  0  0  3  1  3  0 0.23543     0.32902     0.32902     0.23563     0.32942     0.32942     0.53072    
 0.78898     0.78898     0.16691     0.17809     0.17809       3.26746   3.26746     3     0     2     1    0.0000
  1  1  1  1  1  1  1  1  2  3  3  3  3  4  5
19280229 14  3.00516  3.00516  3.00516  3.00516  3.00516  3.00516  3.00516  3.00516  5.94068
  3.15571  3.15571  3.15571  3.15571  2.55699  0.00000  0.00000  0.00000     0     0     0     0
     0    52    40    92   181   365   730  1460  2920  2920 10000  7168  0.3213      0.7175      0.7246E-01
  0.5908      0.1032      -1.082      0.3493E-01 -0.1743       0.000       0.000       0.000       0.000      0  0  0  0  0  0
  0  1  2  0  0  5  1  3  0 0.26561     0.51031     0.51031     0.25359     0.42907     0.42907     0.52296    
  1.3592      1.3592     0.25185     0.15904     0.15904       3.33587   3.33587     3     0     2     1    0.0000
  1  1  1  1  1  1  1  1  2  3  3  3  3  4  5
19280331 14  3.26620  3.26620  3.26620  3.26620  3.26620  3.26620  3.26620  3.26620  3.63619
  3.63619  3.63619  2.96566  2.96566  3.32032  0.00000  0.00000  0.00000     0     0     0     0
     0    51    40    92   182   365   730  1460  2920  2920 10000  7137  0.4934E-01  0.1352E-01  0.1964E-01
  0.1427      0.2434E-02 -0.5804E-01  0.4201E-02 -0.1152E-01   0.000       0.000       0.000       0.000      0  0  0  0  0  0
  1  1  3  0  1  4  1  3  0 0.59444E-01 0.52496     0.52496     0.57952E-01 0.44617     0.44617     0.13273    
  1.4284      1.4284     0.50464E-01 0.16907     0.16907       3.34822   3.34822     3     0     2     1    0.0000
  1  1  1  1  1  1  1  1  2  2  2  3  3  4  5
19280430 14  3.83293  3.83293  3.83293  3.83293  3.83293  3.83293  3.83293  3.83293  3.63748
  3.63748  3.63748  2.98544  2.98544  3.24120  0.00000  0.00000  0.00000     0     0     0     0
     0    52    40    92   181   365   730  1460  2920  2920 10000  7107  0.7255E-01  0.2606E-01  0.2717E-01
  0.2021      0.5264E-02 -0.6245E-01  0.4025E-02 -0.1356E-01   0.000       0.000       0.000       0.000      0  0  0  0  0  1
  0  1  3  0  1  4  1  3  0 0.86927E-01 0.51899     0.51899     0.90355E-01 0.50023     0.50023     0.13788    
  1.2232      1.2232     0.11414     0.34987     0.34987       3.33073   3.33073     3     0     2     1    0.0000
  1  1  1  1  1  1  1  1  2  2  2  3  3  4  5
19280531 14  3.95354  3.95354  3.95354  3.95354  3.95354  3.95354  3.95354  3.95354  3.71707
  3.71707  3.71707  3.04430  3.04430  3.48024  0.00000  0.00000  0.00000     0     0     0     0
     0    51    40    92   182   365   730  1460  2920  2920 10000  7076  0.8651E-01  0.1728E-01  0.3140E-01
  0.2655      0.7483E-02 -0.5425E-01  0.6917E-03  0.1218E-02   0.000       0.000       0.000       0.000      0  0  0  0  0  0
  0  1  3  0  1  4  1  3  0 0.10351     0.78522     0.78522     0.86633E-01 0.70067     0.70067     0.24197    
  2.3986      2.3986     0.37640E-01 0.27630     0.27630       3.59325   3.59325     3     0     2     1    0.0000
  1  1  1  1  1  1  1  1  2  2  2  3  3  4  5
19280630 14  3.96128  3.96128  3.96128  3.96128  3.96128  3.96128  3.96128  4.24972  4.08028
  3.68873  3.68873  3.00462  3.00462  3.47207  0.00000  0.00000  0.00000     0     0     0     0
     0    52    40    92   181   365   730  1460  2920  2920 10000  7046  0.1311      0.1958      0.2296    
  0.3769E-01  0.1754E-01  0.1624      0.1720E-01  -2.880      0.5658     -0.5946E-01  0.6957E-03  0.1147E-01  0  0  0  0  0  0
  1  3  2  0  3  2  1  3  0 0.60146E-01 0.83405     0.83405     0.59765E-01 0.71309     0.71309     0.17672    
  2.3409      2.3409     0.40122E-01 0.37107     0.37107       3.59077   3.59077     3     0     2     1    0.0000
  1  1  1  1  1  1  1  2  3  4  4  5  5  6  7
19280731 14  4.05641  4.05641  4.05641  4.05641  4.05641  4.05641  4.69927  4.69927  4.08416
  3.99899  3.99899  3.22079  3.22079  3.14125  0.00000  0.00000  0.00000     0     0     0     0
     0    52    40    92   181   365   730  1460  2920  2920 10000  7015  0.2126      0.1732      0.5155    
  0.8737E-01  0.2318E-01  0.1811      0.4519E-01  -2.388       2.509     -0.3460      0.2512E-02 -0.5658E-02  0  0  0  0  0  1
  0  3  2  0  2  2  1  4  0 0.76252E-01 0.66155     0.66155     0.72944E-01 0.64678     0.64678     0.17169    
  1.4357      1.4357     0.57944E-01 0.55132     0.55132       3.60344   3.60344     3     0     2     1    0.0000
  1  1  1  1  1  1  2  2  3  4  4  5  5  6  7
19280831 14  4.45923  4.45923  4.45923  4.45923  4.45923  4.45923  4.45923  4.45923  4.51851
  3.87405  3.87405  3.21162  3.21162  3.12514  0.00000  0.00000  0.00000     0     0     0     0
     0    49    40    92   184   365   730  1460  2920  2920 10000  6984  0.8041E-01   1.288      0.2338    
  0.2799E-01  0.1839      0.6465E-02  -5.653      0.9653     -0.1755E-01 -0.9940E-02   0.000       0.000      0  0  0  0  0  0
  0  3  2  0  2  2  1  4  0 0.78571E-01 0.65404     0.65404     0.73866E-01 0.64553     0.64553     0.16661    
  1.3288      1.3288     0.53139E-01 0.59740     0.59740       3.55523   3.55523     3     0     2     1    0.0000
  1  1  1  1  1  1  1  1  2  3  3  4  4  5  6
19280929 14  4.86963  4.86963  4.86963  4.86963  4.86963  4.86963  4.86963  4.70987  4.70987
  3.75949  3.75949  3.29171  3.29171  3.02190  0.00000  0.00000  0.00000     0     0     0     0
     0    51    40    92   183   365   730  1460  2920  2920 10000  6955  0.1531      0.2207      0.7188E-01
  0.4406E-01  0.2815      0.2345E-01 -0.6038      0.1046     -0.3147E-02 -0.7226E-02   0.000       0.000      0  0  0  0  0  0
  3  2  1  0  3  1  1  4  0 0.12528     0.71490     0.71490     0.11657     0.70065     0.70065     0.22116    
  1.2628      1.2628     0.84424E-01 0.81064     0.81064       3.59523   3.59523     3     0     2     1    0.0000
  1  1  1  1  1  1  1  2  2  3  3  4  4  5  6
19281031 14  4.75054  4.75054  4.75054  4.75054  4.75054  4.75054  4.73517  4.73517  3.77770
  4.00079  4.00079  3.11616  3.11616  3.34979  0.00000  0.00000  0.00000     0     0     0     0
     0    49    40    92   184   365   730  1460  2920  2920 10000  6923  0.1100      0.1231      0.2044    
  0.4063E-01  0.1788E-01  0.1382      0.1210E-01 -0.7667      0.3198     -0.3475E-01  0.6486E-02 -0.2484E-01  0  0  0  0  0  3
  0  2  2  0  3  1  1  4  0 0.67492E-01 0.71395     0.71395     0.70708E-01 0.69221     0.69221     0.19355    
  1.3534      1.3534     0.35406E-01 0.79131     0.79131       3.53145   3.53145     3     0     2     1    0.0000
  1  1  1  1  1  1  2  2  3  4  4  5  5  6  7
19281130 14  4.31856  4.31856  4.31856  4.31856  4.31856  4.31856  4.31856  4.31856  4.31856
  4.02653  4.02653  3.14661  3.14661  2.96566  0.00000  0.00000  0.00000     0     0     0     0
     0    50    40    92   183   365   730  1460  2920  2920 10000  6893  0.5772E-01  0.7553E-01  0.5187E-01
  0.3897      0.3331E-02 -0.1948E-01  0.4827E-03 -0.7548E-04   0.000       0.000       0.000       0.000      0  0  0  0  0  0
  0  2  1  0  3  1  1  4  0 0.18482      1.0274      1.0274     0.32861     0.73123     0.73123     0.27735    
  1.6395      1.6395     0.59951     0.59825     0.59825       3.56620   3.56620     3     0     2     1    0.0000
  1  1  1  1  1  1  1  1  1  2  2  3  3  4  5
19281231 14  4.49866  4.49866  4.49866  4.49866  4.49866  4.49866  4.49866  4.49866  4.75545
  4.05413  4.05413  3.14280  3.14280  3.19324  0.00000  0.00000  0.00000     0     0     0     0
     0    49    40    92   184   365   730  1460  2920  2920 10000  6862  0.8220E-01  0.1944      0.4322E-01
  0.2375E-01  0.2170      0.6757E-02 -0.8408      0.6718E-01 -0.4034E-02  0.5760E-02   0.000       0.000      0  0  0  0  0  0
  2  1  3  0  4  0  2  3  0 0.80697E-01 0.82312     0.82312     0.83628E-01 0.80481     0.80481     0.23417    
  1.7082      1.7082     0.50724E-01 0.65708     0.65708       3.62264   3.62264     3     0     2     1    0.0000
  1  1  1  1  1  1  1  1  2  3  3  4  4  5  6
19290131 14  4.79528  4.79528  4.79528  4.79528  4.79528  4.79528  4.79528  4.79528  4.35339
  4.28132  4.28132  3.22436  3.22436  3.07953  0.00000  0.00000  0.00000     0     0     0     0
     0    49    40    92   184   365   730  1460  2920  2920 10000  6831  0.1541      0.4517      0.9561E-01
  0.3385E-01  0.3357      0.2375E-01  -1.235      0.1385     -0.7509E-02 -0.1373E-01   0.000       0.000      0  0  0  0  0  2
  0  1  3  0  4  0  2  3  0 0.14068     0.86278     0.86278     0.13099     0.85099     0.85099     0.27130    
  1.6440      1.6440     0.80122E-01 0.75115     0.75115       3.68371   3.68371     3     0     2     1    0.0000
  1  1  1  1  1  1  1  1  2  3  3  4  4  5  6
19290228 14  4.69188  4.69188  4.69188  4.69188  4.69188  4.69188  4.69188  4.69188  4.76971
  4.42083  4.42083  3.24255  3.24255  8.85034  0.00000  0.00000  0.00000     0     0     0     0
     0    52    40    92   181   365   730  1460  2920  2920 10000  6803  0.7132       2.792      0.6033    
  0.2278       1.783      0.5087      -1.263      0.1570     -0.1055E-01  0.2153E-02   0.000       0.000      0  0  0  0  0  0
  0  1  3  0  3  0  2  4  0 0.69752      1.0142      1.0142     0.75986     0.97099     0.97099      2.7615    
  3.0835      3.0835     0.21183     0.49029     0.49029       4.02797   4.02797     3     0     2     1    0.0000
  1  1  1  1  1  1  1  1  2  3  3  4  4  5  6
19290328 15  4.71504  4.71504  4.71504  4.71504  4.71504  4.71504  4.71504  5.00407  5.20564
  4.30791  4.30791  3.43912  3.43912  6.41768 -4.69531  0.00000  0.00000     0     0     0     0
     0    54    40    92   182   365   730  1460  2920  2920 10000  9849   1.238       2.011       2.316    
  0.4974      0.1988       1.571       4.444       1.533      -2.853      0.4969     -0.5719E-01  0.1183E-02  0  0  0  0  0  0
  1  2  2  0  3  0  2  3  1 0.56999     0.88829     0.88829     0.53569     0.85561     0.85561      1.9242    
  2.4330      2.4330     0.15353     0.59896     0.59896       3.98636   3.98636     3     0     2     1    0.0000
  1  1  1  1  1  1  1  2  3  4  4  5  5  6  7
19290430 14  5.26069  5.26069  5.26069  5.26069  5.26069  5.26069  4.77113  4.77113  5.40083
  4.19859  4.19859  3.17022  3.17022  6.67231  0.00000  0.00000  0.00000     0     0     0     0
     0    52    40    92   181   365   730  1460  2920  2920 10000  6742   1.700       1.515       4.294    
  0.8654      0.2069       1.747       2.892      -2.301       2.268     -0.3550      0.2399E-01  0.1308E-01  0  0  0  0  0  1
  0  2  2  0  3  0  2  4  0 0.61354     0.99346     0.99346     0.59889     0.98088     0.98088      2.1482    
  2.6645      2.6645     0.17094     0.79339     0.79339       3.84240   3.84240     3     0     2     1    0.0000
  1  1  1  1  1  1  2  2  3  4  4  5  5  6  7
19290531 14  5.02047  5.02047  5.02047  5.02047  5.02047  5.02047  5.02047  5.02047  7.08413
  4.15226  4.15226  3.30287  3.30287  6.68988  0.00000  0.00000  0.00000     0     0     0     0
     0    51    40    92   182   365   730  1460  2920  2920 10000  6711  0.7127       8.399       1.932    
  0.2320       1.360      0.5079      -3.954      0.8174     -0.7386E-01 -0.5727E-02   0.000       0.000      0  0  0  0  0  0
  0  2  2  0  3  0  2  4  0 0.68778      1.1717      1.1717     0.57518      1.0238      1.0238      2.0563    
  2.5108      2.5108     0.17169     0.80305     0.80305       3.89745   3.89745     3     0     2     1    0.0000
  1  1  1  1  1  1  1  1  2  3  3  4  4  5  6
19290629 14  4.57144  4.57144  4.57144  4.57144  4.57144  4.57144  4.57144  4.81976  4.81976
  4.43902  4.43902  3.18953  3.18953  9.13856  0.00000  0.00000  0.00000     0     0     0     0
     0    53    40    92   181   365   730  1460  2920  2920 10000  6682   1.086       1.402      0.5978    
  0.2164       1.958       1.179     -0.8945      0.1940     -0.2064E-01  0.1380E-01   0.000       0.000      0  0  0  0  0  0
  2  2  1  0  3  0  2  4  0 0.74666      1.0919      1.0919     0.64624     0.87322     0.87322      2.3340    
  2.5422      2.5422     0.18227     0.54569     0.54569       3.92118   3.92118     3     0     2     1    0.0000
  1  1  1  1  1  1  1  2  2  3  3  4  4  5  6
19290731 14  5.06174  5.06174  5.06174  5.06174  5.06174  5.06174  4.68339  4.68339  4.68339
  4.27825  4.27825  3.36257  3.36257  7.40354  0.00000  0.00000  0.00000     0     0     0     0
     0    52    40    92   181   365   730  1460  2920  2920 10000  6650   1.217      0.9233      0.4875    
  0.2142       2.033       1.480     -0.7681      0.2106     -0.2302E-01 -0.7406E-01   0.000       0.000      0  0  0  0  0  2
  0  2  1  0  3  0  2  4  0 0.62610     0.86303     0.86303     0.57968     0.80594     0.80594      2.0828    
  2.3716      2.3716     0.17039     0.65057     0.65057       3.93510   3.93510     3     0     2     1    0.0000
  1  1  1  1  1  1  2  2  2  3  3  4  4  5  6
19290830 14  4.64977  4.64977  4.64977  4.64977  4.64977  4.64977  4.64977  4.64977  4.64977
  4.27730  4.27730  3.36490  3.36490  6.91720  0.00000  0.00000  0.00000     0     0     0     0
     0    50    40    92   184   365   730  1460  2920  2920 10000  6620  0.7005      0.5514      0.2608    
   2.420      0.4907     -0.2388      0.2702E-01 -0.1184E-01   0.000       0.000       0.000       0.000      0  0  0  0  0  0
  0  2  1  0  3  0  2  4  0 0.73842     0.92641     0.92641     0.61671     0.83258     0.83258      2.1992    
  2.5281      2.5281     0.17521     0.47938     0.47938       3.90321   3.90321     3     0     2     1    0.0000
  1  1  1  1  1  1  1  1  1  2  2  3  3  4  5
19290930 14  4.84692  4.84692  4.84692  4.84692  4.84692  4.84692  4.84692  4.84692  4.40251
  4.40251  4.40251  3.45900  3.45900  6.74574  0.00000  0.00000  0.00000     0     0     0     0
     0    50    40    92   183   365   730  1460  2920  2920 10000  6589   1.409      0.7896      0.4128    
   2.811       1.985     -0.7764E-01 -0.4559E-01  0.5860       0.000       0.000       0.000       0.000      0  0  0  0  0  0
  2  1  0  0  3  0  2  6  0  1.6466      1.7631      1.7631     0.83963      1.0048      1.0048      2.9713    
  3.2499      3.2499     0.24030     0.53014     0.53014       3.95144   3.95144     3     0     2     1    0.0000
  1  1  1  1  1  1  1  1  2  2  2  3  3  4  5
19291031 14  4.08622  4.08622  4.08622  4.08622  4.08622  4.08622  4.08622  4.08622  4.16570
  4.16570  4.16570  3.20623  3.20623  7.98456  0.00000  0.00000  0.00000     0     0     0     0
     0    49    40    92   184   365   730  1460  2920  2920 10000  6558   1.830      0.9867      0.4321    
   3.198       3.350     -0.1565      0.6009E-03  0.3702       0.000       0.000       0.000       0.000      0  0  0  0  0  2
  0  1  0  0  3  0  2  6  0  1.8676      1.9942      1.9942      1.0850      1.2273      1.2273      3.8332    
  4.2050      4.2050     0.31778     0.43709     0.43709       3.74095   3.74095     3     0     2     1    0.0000
  1  1  1  1  1  1  1  1  2  2  2  3  3  4  5
19291127 14  3.30216  3.30216  3.30216  3.30216  3.30216  3.30216  3.30216  3.30216  3.86437
  3.86437  3.86437  3.14940  3.14940  3.14367  0.00000  0.00000  0.00000     0     0     0     0
     0    53    40    92   183   365   730  1460  2920  2920 10000  6531   2.498      0.8574      0.2714    
  0.9547       6.239      -1.943      0.5186      -1.326       0.000       0.000       0.000       0.000      0  0  0  0  0  0
  0  1  0  0  4  0  2  5  0 0.71876     0.81957     0.81957      1.3506      1.4079      1.4079      4.7440    
  4.7760      4.7760     0.38684     0.46524     0.46524       3.33605   3.33605     3     0     2     1    0.0000
  1  1  1  1  1  1  1  1  2  2  2  3  3  4  5
19291231 14  2.93984  2.93984  2.93984  2.93984  2.93984  2.93984  2.93984  3.74775  3.74775
  3.74775  3.74775  3.27895  3.27895  3.47989  0.00000  0.00000  0.00000     0     0     0     0
     0    49    40    92   184   365   730  1460  2920  2920 10000  6497  0.5992      0.8732E-01  0.5530E-01
  0.5626      0.3590     -0.2598      0.4089E-01 -0.4699E-01   0.000       0.000       0.000       0.000      0  0  0  0  0  0
  1  0  0  0  5  0  2  4  0 0.27531     0.47277     0.47277     0.71349     0.77260     0.77260      2.4015    
  2.3919      2.3919     0.25206     0.36172     0.36172       3.43026   3.43026     3     0     2     1    0.0000
  1  1  1  1  1  1  1  2  2  2  2  3  3  4  5
19300131 14  3.84181  3.84181  3.84181  3.84181  3.84181  3.84181  3.89503  3.89503  3.89503
  3.89503  3.89503  3.27912  3.27912  3.46245  0.00000  0.00000  0.00000     0     0     0     0
     0    49    40    92   184   365   730  1460  2920  2920 10000  6466  0.7132      0.6987E-01  0.4629E-01
  0.5060      0.5086     -0.2495      0.4066E-01 -0.1485E-01   0.000       0.000       0.000       0.000      0  0  0  0  0  1
  0  0  0  0  5  0  2  4  0 0.24669     0.60733     0.60733     0.62295     0.73815     0.73815      2.1525    
  2.1456      2.1456     0.20026     0.35746     0.35746       3.50374   3.50374     3     0     2     1    0.0000
  1  1  1  1  1  1  2  2  2  2  2  3  3  4  5
19300228 14  3.69845  3.69845  3.69845  3.69845  3.69845  3.69845  3.69845  3.69845  3.69845
  3.69845  3.69845  3.24976  3.24976  3.52830  0.00000  0.00000  0.00000     0     0     0     0
     0    52    40    92   181   365   730  1460  2920  2920 10000  6438  0.4989E-01  0.4228E-01  0.4701    
  0.2489E-02 -0.7503E-02  0.1642E-03   0.000       0.000       0.000       0.000       0.000       0.000      0  0  0  0  0  0
  0  0  0  0  5  0  2  4  0 0.27150     0.55518     0.55518     0.75409     0.82525     0.82525      2.5475    
  2.5366      2.5366     0.26178     0.36068     0.36068       3.41639   3.41639     3     0     2     1    0.0000
  1  1  1  1  1  1  1  1  1  1  1  2  2  3  4
19300331 14  3.64531  3.64531  3.64531  3.64531  3.64531  3.64531  3.64531  3.64531  3.64531
  3.64531  3.04803  3.31819  3.31819  3.31819  0.00000  0.00000  0.00000     0     0     0     0
     0    51    40    92   182   365   730  1460  2920  2920 10000  6407  0.7063E-01  0.2837      0.5154E-01
  0.4988E-02 -0.2601      0.4120E-01   0.000       0.000       0.000       0.000       0.000       0.000      0  0  0  0  0  0
  0  0  0  1  5  0  4  1  0 0.18694     0.47509     0.47509     0.26880     0.43625     0.43625     0.42297    
 0.71123     0.71123     0.18190     0.29145     0.29145       3.36715   3.36715     3     0     2     1    0.0000
  1  1  1  1  1  1  1  1  1  1  2  3  3  3  4
19300430 14  3.65634  3.65634  3.65634  3.65634  3.65634  3.65634  3.65634  3.65634  3.65634
  3.65634  3.65634  3.21770  3.21770  3.21770  0.00000  0.00000  0.00000     0     0     0     0
     0    52    40    92   181   365   730  1460  2920  2920 10000  6377  0.7608E-01  0.6244E-01  0.5789E-02
 -0.1784E-01   0.000       0.000       0.000       0.000       0.000       0.000       0.000       0.000      0  0  0  0  0  0
  0  0  0  0  3  0  4  1  0 0.27926     0.44848     0.44848     0.27318     0.45229     0.45229     0.49066    
 0.77982     0.77982     0.18002     0.30293     0.30293       3.41106   3.41106     3     0     2     1    0.0000
  1  1  1  1  1  1  1  1  1  1  1  2  2  2  3
19300529 14  3.58356  3.58356  3.58356  3.58356  3.58356  3.58356  3.58356  3.58356  3.58356
  3.58356  3.58356  3.10806  3.10806  3.10806  0.00000  0.00000  0.00000     0     0     0     0
     0    53    40    92   182   365   730  1460  2920  2920 10000  6348  0.8975E-01  0.7070E-01  0.8055E-02
 -0.2595E-01   0.000       0.000       0.000       0.000       0.000       0.000       0.000       0.000      0  0  0  0  0  0
  0  0  0  0  3  0  4  1  0 0.28264     0.43107     0.43107     0.24737     0.40991     0.40991     0.50122    
 0.67730     0.67730     0.15735     0.28165     0.28165       3.31292   3.31292     3     0     2     1    0.0000
  1  1  1  1  1  1  1  1  1  1  1  2  2  2  3
19300630 14  3.28359  3.28359  3.28359  3.28359  3.28359  3.28359  3.28359  3.28359  3.28359
  3.28359  3.23172  3.23172  3.23172  3.23172  0.00000  0.00000  0.00000     0     0     0     0
     0    52    40    92   181   365   730  1460  2920  2920 10000  6316  0.9438E-01  0.4219E-01  0.8908E-02
 -0.1444E-01   0.000       0.000       0.000       0.000       0.000       0.000       0.000       0.000      0  0  0  0  0  0
  0  0  0  3  0  0  4  1  0 0.25165     0.25457     0.25457     0.25821     0.27412     0.27412     0.49202    
 0.50269     0.50269     0.17036     0.18343     0.18343       3.24478   3.24478     3     0     2     1    0.0000
  1  1  1  1  1  1  1  1  1  1  2  2  2  2  3
19300731 14  3.08050  3.08050  3.08050  3.08050  3.08050  3.08050  3.08050  3.08050  3.08050
  3.08050  3.27437  3.27437  3.27437  3.27437  0.00000  0.00000  0.00000     0     0     0     0
     0    52    40    92   181   365   730  1460  2920  2920 10000  6285  0.7245E-01  0.2202E-01  0.5248E-02
 -0.5603E-01   0.000       0.000       0.000       0.000       0.000       0.000       0.000       0.000      0  0  0  0  0  0
  0  0  0  1  0  0  4  1  0 0.10020     0.13378     0.13378     0.96996E-01 0.13187     0.13187     0.31373    
 0.37657     0.37657     0.31425E-01 0.63315E-01 0.63315E-01   3.23533   3.23533     3     0     2     1    0.0000
  1  1  1  1  1  1  1  1  1  1  2  2  2  2  3
19300829 14  3.02510  3.02510  3.02510  3.02510  3.02510  3.02510  3.02510  3.02510  3.02510
  3.02510  3.32624  3.32624  3.32624  3.40556  0.00000  0.00000  0.00000     0     0     0     0
     0    51    40    92   184   365   730  1460  2920  2920 10000  6256  0.3006      0.1184       1.698    
  0.9034E-01 -0.3073E-01  0.6785E-01   0.000       0.000       0.000       0.000       0.000       0.000      0  0  0  0  0  0
  0  0  0  2  0  0  4  2  0 0.57123     0.59747     0.59747      1.0853      1.0993      1.0993      3.7966    
  3.8071      3.8071     0.31039     0.33464     0.33464       3.28290   3.28290     3     0     2     1    0.0000
  1  1  1  1  1  1  1  1  1  1  2  2  2  3  4
19300930 14  2.96064  2.96064  2.96064  2.96064  2.96064  2.96064  2.96064  2.96064  2.96064
  2.96064  3.24879  3.24879  3.24879  3.24879  0.00000  0.00000  0.00000     0     0     0     0
     0    50    40    92   183   365   730  1460  2920  2920 10000  6224  0.9052E-01  0.4219E-01  0.8194E-02
 -0.1497E-01   0.000       0.000       0.000       0.000       0.000       0.000       0.000       0.000      0  0  0  0  0  0
  0  0  0  3  0  0  4  1  0 0.24258     0.32219     0.32219     0.25572     0.23865     0.23865     0.45665    
 0.53416     0.53416     0.18378     0.15630     0.15630       3.17329   3.17329     3     0     2     1    0.0000
  1  1  1  1  1  1  1  1  1  1  2  2  2  2  3
19301031 14  2.58344  2.58344  2.58344  2.58344  2.58344  2.58344  2.58344  2.58344  2.58344
  2.58344  3.32715  3.32715  3.32715  3.32715  0.00000  0.00000  0.00000     0     0     0     0
     0    49    40    92   184   365   730  1460  2920  2920 10000  6193  0.3043E-01  0.2822E-01  0.9262E-03
 -0.2865E-02   0.000       0.000       0.000       0.000       0.000       0.000       0.000       0.000      0  0  0  0  0  0
  0  0  0  2  0  0  4  1  0 0.18736      1.1618      1.1618     0.31130     0.66289     0.66289     0.47789    
  2.1403      2.1403     0.23913     0.25691     0.25691       2.98645   2.98645     3     0     2     1    0.0000
  1  1  1  1  1  1  1  1  1  1  2  2  2  2  3
19301129 14  2.27217  2.27217  2.27217  2.27217  2.27217  2.27217  2.27217  2.27217  2.27217
  2.27217  3.37159  3.37159  3.37159  3.37159  0.00000  0.00000  0.00000     0     0     0     0
     0    51    40    92   183   365   730  1460  2920  2920 10000  6164  0.7468E-01  0.2214E-01  0.5577E-02
 -0.6615E-01   0.000       0.000       0.000       0.000       0.000       0.000       0.000       0.000      0  0  0  0  0  0
  0  0  0  1  0  0  4  1  0 0.96890E-01 0.47686     0.47686     0.10891     0.47425     0.47425     0.35395    
 0.80203     0.80203     0.34358E-01 0.36444     0.36444       3.15059   3.15059     3     0     2     1    0.0000
  1  1  1  1  1  1  1  1  1  1  2  2  2  2  3
19301231 14  2.16010  2.16010  2.16010  2.16010  2.16010  2.16010  2.16010  2.16010  2.16010
  2.16010  3.46086  3.46086  3.46086  3.46086  0.00000  0.00000  0.00000     0     0     0     0
     0    49    40    92   184   365   730  1460  2920  2920 10000  6132  0.1265      0.3811E-01  0.1601E-01
 -0.7202E-01   0.000       0.000       0.000       0.000       0.000       0.000       0.000       0.000      0  0  0  0  0  0
  0  0  0  1  0  0  4  1  0 0.15869     0.55389     0.55389     0.15264     0.54929     0.54929     0.49488    
  1.0315      1.0315     0.50448E-01 0.41443     0.41443       3.19560   3.19560     3     0     2     1    0.0000
  1  1  1  1  1  1  1  1  1  1  2  2  2  2  3
19310131 14  2.48336  2.48336  2.48336  2.48336  2.48336  2.48336  2.48336  2.48336  2.48336
  2.48336  3.58780  3.58780  3.58780  3.58780  0.00000  0.00000  0.00000     0     0     0     0
     0    49    40    92   184   365   730  1460  2920  2920 10000  6101  0.1666      0.3875E-01  0.2775E-01
 -0.7331E-01   0.000       0.000       0.000       0.000       0.000       0.000       0.000       0.000      0  0  0  0  0  0
  0  0  0  1  0  0  4  1  0 0.19916     0.48306     0.48306     0.21083     0.51508     0.51508     0.65392    
 0.98787     0.98787     0.68448E-01 0.38456     0.38456       3.39101   3.39101     3     0     2     1    0.0000
  1  1  1  1  1  1  1  1  1  1  2  2  2  2  3
19310228 14  2.06583  2.06583  2.06583  2.06583  2.06583  2.06583  2.06583  2.06583  2.06583
  2.06583  3.61521  3.61521  3.61521  3.61521  0.00000  0.00000  0.00000     0     0     0     0
     0    52    40    92   182   365   730  1460  2920  2920 10000  6073  0.8529E-01  0.2340E-01  0.7274E-02
 -0.7855E-01   0.000       0.000       0.000       0.000       0.000       0.000       0.000       0.000      0  0  0  0  0  0
  0  0  0  1  0  0  4  1  0 0.99935E-01 0.60662     0.60662     0.95543E-01 0.60513     0.60513     0.30356    
 0.81194     0.81194     0.30561E-01 0.52472     0.52472       3.31853   3.31853     3     0     2     1    0.0000
  1  1  1  1  1  1  1  1  1  1  2  2  2  2  3
19310331 14  1.96924  1.96924  1.96924  1.96924  1.96924  1.96924  1.96924  1.96924  1.96924
  1.96924  3.57353  3.57353  3.57353  3.57353  0.00000  0.00000  0.00000     0     0     0     0
     0    51    40    92   183   365   730  1460  2920  2920 10000  6042  0.8392E-01  0.2417E-01  0.7042E-02
 -0.8621E-01   0.000       0.000       0.000       0.000       0.000       0.000       0.000       0.000      0  0  0  0  0  0
  0  0  0  1  0  0  5  1  0 0.98673E-01 0.57496     0.57496     0.94176E-01 0.57320     0.57320     0.29351    
 0.77109     0.77109     0.35016E-01 0.51260     0.51260       3.24594   3.24594     3     0     2     1    0.0000
  1  1  1  1  1  1  1  1  1  1  2  2  2  2  3
19310430 14  1.64722  1.64722  1.64722  1.64722  1.64722  1.64722  1.64722  1.64722  1.64722
  1.64722  3.58388  3.58388  3.58388  3.58388  0.00000  0.00000  0.00000     0     0     0     0
     0    52    40    92   182   365   730  1460  2920  2920 10000  6012  0.6857E-01  0.1951E-01  0.4702E-02
 -0.8702E-01   0.000       0.000       0.000       0.000       0.000       0.000       0.000       0.000      0  0  0  0  0  0
  0  0  0  1  0  0  5  1  0 0.80041E-01 0.66526     0.66526     0.93187E-01 0.65860     0.65860     0.29790    
 0.86344     0.86344     0.31232E-01 0.61033     0.61033       3.18913   3.18913     3     0     2     1    0.0000
  1  1  1  1  1  1  1  1  1  1  2  2  2  2  3
19310529 14  1.10754  1.10754  1.10754  1.10754  1.10754  1.10754  1.10754  1.10754  1.10754
  1.10754  3.60271  3.60271  3.60271  3.60271  0.00000  0.00000  0.00000     0     0     0     0
     0    53    40    92   183   365   730  1460  2920  2920 10000  5983  0.1103      0.3114E-01  0.1216E-01
 -0.9558E-01   0.000       0.000       0.000       0.000       0.000       0.000       0.000       0.000      0  0  0  0  0  0
  0  0  0  1  0  0  5  1  0 0.12276     0.84181     0.84181     0.11325     0.83604     0.83604     0.34299    
  1.0166      1.0166     0.47384E-01 0.80995     0.80995       3.10080   3.10080     3     0     2     1    0.0000
  1  1  1  1  1  1  1  1  1  1  2  2  2  2  3
19310630 14  3.10177  3.10177  3.10177  3.10177  3.10177  3.10177  3.10177  3.10177  3.10177
  3.10177  3.10177  3.10177  3.10177  3.10177  0.00000  0.00000  0.00000     0     0     0     0
     0    52    40    92   182   365   730  1460  2920  2920 10000  5951  0.2962E-01  0.8771E-03   0.000    
   0.000       0.000       0.000       0.000       0.000       0.000       0.000       0.000       0.000      0  0  0  0  0  0
  0  0  0  0  0  0  6  1  0 0.27527     0.27527     0.27527     0.28832     0.28832     0.28832     0.95616    
 0.95616     0.95616     0.87662E-01 0.87662E-01 0.87662E-01   3.10177   3.10177     3     0     2     1    0.0000
  1  1  1  1  1  1  1  1  1  1  1  1  1  1  2
19310731 14  3.13241  3.13241  3.13241  3.13241  3.13241  3.13241  3.13241  3.13241  3.13241
  3.13241  3.13241  3.13241  3.13241  3.13241  0.00000  0.00000  0.00000     0     0     0     0
     0    52    40    92   182   365   730  1460  2920  2920 10000  5920  0.3710E-01  0.1376E-02   0.000    
   0.000       0.000       0.000       0.000       0.000       0.000       0.000       0.000       0.000      0  0  0  0  0  0
  0  0  0  0  0  0  6  1  0 0.33315     0.33315     0.33315     0.33306     0.33306     0.33306      1.1029    
  1.1029      1.1029     0.10167     0.10167     0.10167       3.13241   3.13241     3     0     2     1    0.0000
  1  1  1  1  1  1  1  1  1  1  1  1  1  1  2
19310831 14  3.14587  3.14587  3.14587  3.14587  3.14587  3.14587  3.14587  3.14587  3.14587
  3.14587  3.14587  3.14587  3.14587  3.14587  0.00000  0.00000  0.00000     0     0     0     0
     0    50    40    92   184   365   730  1460  2920  2920 10000  5889  0.3765E-01  0.1418E-02   0.000    
   0.000       0.000       0.000       0.000       0.000       0.000       0.000       0.000       0.000      0  0  0  0  0  0
  0  0  0  0  0  0  6  1  0 0.33516     0.33516     0.33516     0.32585     0.32585     0.32585      1.0703    
  1.0703      1.0703     0.10048     0.10048     0.10048       3.14587   3.14587     3     0     2     1    0.0000
  1  1  1  1  1  1  1  1  1  1  1  1  1  1  2
19310930 14  3.42642  3.42642  3.42642  3.42642  3.42642  3.42642  3.42642  3.42642  3.42642
  3.42642  3.42642  3.42642  3.42642  2.25409  0.00000  0.00000  0.00000     0     0     0     0
     0    51    40    92   183   365   730  1460  2920  2920 10000  8751  0.3609E-01  0.2458      0.1303E-02
 -0.2285E-01   0.000       0.000       0.000       0.000       0.000       0.000       0.000       0.000      0  0  0  0  0  0
  0  0  0  0  0  0  5  3  0 0.30849     0.56152     0.56152     0.28822     0.51980     0.51980     0.99162    
  1.8608      1.8608     0.84427E-01 0.14807     0.14807       3.33819   3.33819     3     0     2     1    0.0000
  1  1  1  1  1  1  1  1  1  1  1  1  1  2  3
19311031 15  3.73200  3.73200  3.73200  3.73200  3.73200  3.73200  3.73200  3.73200  3.73200
  3.73200  3.73200  3.73200  3.73200  2.62242 40.85391  0.00000  0.00000     0     0     0     0
     0    50    40    92   184   365   730  1460  2920  2920 10000  8902  0.2753E-01  0.6727       33.62    
  0.7580E-03 -0.1755E-02 -0.1058E-02   0.000       0.000       0.000       0.000       0.000       0.000      0  0  0  0  0  0
  0  0  0  0  0  0  7  2  1 0.81764     0.91631     0.91631     0.70465     0.79143     0.79143      2.3820    
  2.7823      2.7823     0.20853     0.22755     0.22755       3.72607   3.72607     3     0     2     1    0.0000
  1  1  1  1  1  1  1  1  1  1  1  1  1  2  3
19311130 15  3.69381  3.69381  3.69381  3.69381  3.69381  3.69381  3.69381  3.69381  3.69381
  3.69381  3.69381  3.69381  3.69381  2.89192 46.29677  0.00000  0.00000     0     0     0     0
     0    51    40    92   183   365   730  1460  2920  2920 10000  8872  0.3969E-01  0.4049       21.91    
  0.1575E-02 -0.2055E-01  0.8613E-01   0.000       0.000       0.000       0.000       0.000       0.000      0  0  0  0  0  0
  0  0  0  0  0  0  5  2  1 0.36965     0.47049     0.47049     0.31444     0.43384     0.43384      1.0452    
  1.5873      1.5873     0.94948E-01 0.12115     0.12115       3.67893   3.67893     3     0     2     1    0.0000
  1  1  1  1  1  1  1  1  1  1  1  1  1  2  3
19311231 15  4.11575  4.11575  4.11575  4.11575  4.11575  4.11575  4.11575  4.11575  4.11575
  4.11575  4.11575  4.11575  4.11575  3.31257 27.46846  0.00000  0.00000     0     0     0     0
     0    50    40    92   184   365   730  1460  2920  2920 10000  8841  0.1981E-01  0.1512       22.72    
  0.3926E-03 -0.4338E-02 -0.6036E-02   0.000       0.000       0.000       0.000       0.000       0.000      0  0  0  0  0  0
  0  0  0  0  0  0  7  3  1 0.37454     0.66967     0.66967     0.31519     0.40518     0.40518      1.0848    
  1.4039      1.4039     0.92375E-01 0.11859     0.11859       4.06692   4.06692     3     0     2     1    0.0000
  1  1  1  1  1  1  1  1  1  1  1  1  1  2  3
19320130 15  4.27504  4.27504  4.27504  4.27504  4.27504  4.27504  4.27504  4.27504  4.27504
  4.27504  4.27504  4.27504  4.27504  3.57554 74.96175  0.00000  0.00000     0     0     0     0
     0    51    40    92   184   365   730  1460  2920  2920 10000  8811  0.2774E-01  0.4569       94.22    
  0.7695E-03 -0.3066E-02  0.7003E-01   0.000       0.000       0.000       0.000       0.000       0.000      0  0  0  0  0  0
  0  0  0  0  0  0  7  3  1 0.63756     0.69737     0.69737     0.42555     0.51476     0.51476      1.5280    
  1.9136      1.9136     0.12009     0.14079     0.14079       4.26454   4.26454     3     0     2     1    0.0000
  1  1  1  1  1  1  1  1  1  1  1  1  1  2  3
19320229 15  4.05842  4.05842  4.05842  4.05842  4.05842  4.05842  4.05842  4.05842  4.05842
  4.05842  4.05842  4.05842  4.05842  2.253436 75.30843  0.00000  0.00000     0     0     0     0
     0    52    40    92   181   365   730  1460  2920  2920 10000  8781   0.000       0.000       0.000    
   0.000       0.000       0.000       0.000       0.000       0.000       0.000       0.000       0.000      0  0  0  0  0  0
  0  0  0  0  0  0  8  2  1  1.8075      1.8558      1.8558     0.44322     0.63550     0.63550      1.4947    
  2.3486      2.3486     0.13205     0.17498     0.17498       4.05548   4.05548     3     0     2     1    0.0000
  1  1  1  1  1  1  1  1  1  1  1  1  1  2  3
19320331 14  3.96183  3.96183  3.96183  3.96183  3.96183  3.96183  3.96183  3.96183  3.96183
  3.96183  3.96183  3.96183  3.96183  3.47094  0.00000  0.00000  0.00000     0     0     0     0
     0    51    40    92   182   365   730  1460  2920  2920 10000  8750  0.2948E-01  0.2344      0.8691E-03
 -0.1419E-01   0.000       0.000       0.000       0.000       0.000       0.000       0.000       0.000      0  0  0  0  0  0
  0  0  0  0  0  0  7  3  0 0.31631     0.37185     0.37185     0.39912     0.46327     0.46327      1.4102    
  1.6664      1.6664     0.11430     0.13082     0.13082       3.93317   3.93317     3     0     2     1    0.0000
  1  1  1  1  1  1  1  1  1  1  1  1  1  2  3
19320430 14  3.59906  3.59906  3.59906  3.59906  3.59906  3.59906  3.59906  3.59906  3.59906
  3.59906  3.59906  3.59906  3.59906  2.34764  0.00000  0.00000  0.00000     0     0     0     0
     0    52    40    92   181   365   730  1460  2920  2920 10000  8538  0.3996E-01  0.5581      0.1597E-02
 -0.2808E-01   0.000       0.000       0.000       0.000       0.000       0.000       0.000       0.000      0  0  0  0  0  0
  0  0  0  0  0  0  6  2  0 0.38586     0.48177     0.48177     0.33178     0.44264     0.44264      1.1205    
  1.6096      1.6096     0.99433E-01 0.12442     0.12442       3.56315   3.56315     3     0     2     1    0.0000
  1  1  1  1  1  1  1  1  1  1  1  1  1  2  3
19320531 14  3.87232  3.87232  3.87232  3.87232  3.87232  3.87232  3.87232  3.87232  3.87232
  3.87232  3.87232  3.87232  3.87232  3.56188  0.00000  0.00000  0.00000     0     0     0     0
     0    51    40    92   182   365   730  1460  2920  2920 10000  8689  0.4268E-01  0.5051      0.1822E-02
 -0.7005E-03   0.000       0.000       0.000       0.000       0.000       0.000       0.000       0.000      0  0  0  0  0  0
  0  0  0  0  0  0  4  4  0  1.1490      1.1686      1.1686     0.65550     0.66054     0.66054      2.4491    
  2.4927      2.4927     0.17945     0.17912     0.17912       3.86275   3.86275     3     0     2     1    0.0000
  1  1  1  1  1  1  1  1  1  1  1  1  1  2  3
19320630 14  3.69595  3.69595  3.69595  3.69595  3.69595  3.69595  3.69595  3.69595  3.69595
  3.69595  3.69595  3.69595  3.69595  3.70730  0.00000  0.00000  0.00000     0     0     0     0
     0    52    40    92   181   365   730  1460  2920  2920 10000  8659  0.4867E-01  0.3311      0.2369E-02
 -0.2155E-01   0.000       0.000       0.000       0.000       0.000       0.000       0.000       0.000      0  0  0  0  0  0
  0  0  0  0  0  0  5  3  0 0.42296     0.42298     0.42298     0.43090     0.42990     0.42990      1.5977    
  1.5931      1.5931     0.11882     0.11862     0.11862       3.69680   3.69680     3     0     2     1    0.0000
  1  1  1  1  1  1  1  1  1  1  1  1  1  2  3
19320730 14  3.50303  3.50303  3.50303  3.50303  3.50303  3.50303  3.50303  3.50303  3.50303
  3.50303  3.50303  3.50303  3.50303  2.05729  0.00000  0.00000  0.00000     0     0     0     0
     0    53    40    92   181   365   730  1460  2920  2920 10000  8447  0.4914E-01  0.5680      0.2415E-02
 -0.2168E-01   0.000       0.000       0.000       0.000       0.000       0.000       0.000       0.000      0  0  0  0  0  0
  0  0  0  0  0  0  6  2  0 0.45968     0.59084     0.59084     0.39346     0.55499     0.55499      1.2883    
  2.0244      2.0244     0.12215     0.15615     0.15615       3.46163   3.46163     3     0     2     1    0.0000
  1  1  1  1  1  1  1  1  1  1  1  1  1  2  3
19320831 14  3.28838  3.28838  3.28838  3.28838  3.28838  3.28838  3.28838  3.28838  3.28838
  3.28838  3.28838  3.28838  3.91241  2.04518  0.00000  0.00000  0.00000     0     0     0     0
     0    49    40    92   184   365   730  1460  2920  2920 10000  8415  0.8111E-01  0.1992      0.3168    
  0.6578E-02 -0.7179E-01  0.3638E-01   0.000       0.000       0.000       0.000       0.000       0.000      0  0  0  0  0  0
  0  0  0  0  0  1  5  2  0 0.29804     0.53083     0.53083     0.32892     0.50894     0.50894      1.1314    
  1.7536      1.7536     0.96634E-01 0.15145     0.15145       3.39205   3.39205     3     0     2     1    0.0000
  1  1  1  1  1  1  1  1  1  1  1  1  2  3  4
19320930 14  3.28660  3.28660  3.28660  3.28660  3.28660  3.28660  3.28660  3.28660  3.28660
  3.28660  3.28660  3.28660  3.63877  2.15150  0.00000  0.00000  0.00000     0     0     0     0
     0    50    40    92   183   365   730  1460  2920  2920 10000  8385  0.1030      0.2188      0.5686    
  0.1062E-01 -0.6766E-01  0.3900E-01   0.000       0.000       0.000       0.000       0.000       0.000      0  0  0  0  0  0
  0  0  0  0  0  1  5  2  0 0.37185     0.46360     0.46360     0.31220     0.45336     0.45336      1.0500    
  1.5621      1.5621     0.94385E-01 0.13650     0.13650       3.36610   3.36610     3     0     2     1    0.0000
  1  1  1  1  1  1  1  1  1  1  1  1  2  3  4
19321031 14  3.25428  3.25428  3.25428  3.25428  3.25428  3.25428  3.25428  3.25428  3.25428
  3.25428  3.25428  3.25428  3.85403  2.07666  0.00000  0.00000  0.00000     0     0     0     0
     0    49    40    92   184   365   730  1460  2920  2920 10000  8354  0.9242E-01  0.2459      0.6256    
  0.8542E-02 -0.4621E-01  0.2717E-01   0.000       0.000       0.000       0.000       0.000       0.000      0  0  0  0  0  0
  0  0  0  0  0  1  5  2  0 0.42825     0.55650     0.55650     0.36950     0.54411     0.54411      1.2465    
  1.8120      1.8120     0.11096     0.16859     0.16859       3.37933   3.37933     3     0     2     1    0.0000
  1  1  1  1  1  1  1  1  1  1  1  1  2  3  4
19321130 14  3.23654  3.23654  3.23654  3.23654  3.23654  3.23654  3.23654  3.23654  3.23654
  3.23654  3.23654  3.23654  3.91599  2.06668  0.00000  0.00000  0.00000     0     0     0     0
     0    50    40    92   183   365   730  1460  2920  2920 10000  8324  0.9278E-01  0.2121      0.4859    
  0.8608E-02 -0.6020E-01  0.2790E-01   0.000       0.000       0.000       0.000       0.000       0.000      0  0  0  0  0  0
  0  0  0  0  0  1  5  2  0 0.35832     0.53225     0.53225     0.34316     0.51814     0.51814      1.1514    
  1.7107      1.7107     0.10380     0.16437     0.16437       3.39693   3.39693     3     0     2     1    0.0000
  1  1  1  1  1  1  1  1  1  1  1  1  2  3  4
19321231 14  3.04224  3.04224  3.04224  3.04224  3.04224  3.04224  3.04224  3.04224  3.04224
  3.04224  3.04224  3.04224  3.77157  2.43902  0.00000  0.00000  0.00000     0     0     0     0
     0    49    40    92   184   365   730  1460  2920  2920 10000  8293  0.4690E-01  0.1411      0.2300    
  0.2200E-02 -0.4720E-01  0.2810E-01   0.000       0.000       0.000       0.000       0.000       0.000      0  0  0  0  0  0
  0  0  0  0  0  1  5  2  0 0.22200     0.40190     0.40190     0.25634     0.41054     0.41054     0.88386    
  1.3029      1.3029     0.75001E-01 0.13177     0.13177       3.18752   3.18752     3     0     2     1    0.0000
  1  1  1  1  1  1  1  1  1  1  1  1  2  3  4
